val <- c(12, 2)
val